#Sun Oct 30 08:26:39 2022
# Copy this file into $DB_DIR/gemped to use these pedestals for analysis
# format = crate, slot, mpd, adc_ch, CM mean, CM RMS
          20          11           7           0          425.5         23.889
          20          11           7           1         471.72         58.549
          20          11           7           2         627.61         102.91
          20          11           7           3         602.97         59.871
          20          11           7           4         482.17          49.84
          20          11           7           5              0              0
          20          11           7           6         540.49         57.472
          20          11           7           7         481.08         49.925
          20          11           7           8         494.77         87.565
          20          11           7           9         547.95         67.122
          20          11           7          10         496.47         66.646
          20          11           7          11         505.94         57.693
          20          11           7          12         456.94         80.659
          20          11           7          13         422.97         74.183
          20          11           7          14         514.42         55.085
          20          11           8           0         388.76         78.943
          20          11           8           1         465.58         49.658
          20          11           8           2         515.08         53.585
          20          11           8           3         389.37         55.017
          20          11           8           4              0              0
          20          11           8           5         444.65         39.152
          20          11           8           6         534.71         32.599
          20          11           8           7         515.72         41.367
          20          11           8           8         475.81         39.188
          20          11           8           9         618.86         43.241
          20          11           8          10         356.83         45.345
          20          11           8          11         444.17         41.355
          20          11           8          12         462.83          86.74
          20          11           8          13         472.34         67.954
          20          11           8          14         449.31         53.232
          20          11           9           0         401.74         35.715
          20          11           9           1            605         51.288
          20          11           9           2          595.5         67.122
          20          11           9           3         458.83         6.7987
          20          11           9           4         559.92         82.183
          20          11           9           5         499.99         91.817
          20          11           9           6         478.07         54.167
          20          11           9           7         561.32         72.499
          20          11           9           8         504.66         67.536
          20          11           9           9         380.97         75.785
          20          11           9          10         500.57         79.798
          20          11           9          11         555.55         69.184
          20          11           9          12         478.64          66.69
          20          11           9          13         419.04         64.514
          20          11           9          14         489.26         66.043
          20          11          10           0         351.45         62.205
          20          11          10           1         450.83          46.45
          20          11          10           2         438.39          115.2
          20          11          10           3         413.16         100.73
          20          11          10           4         308.89         57.348
          20          11          10           5         531.52         90.853
          20          11          10           6         416.17         43.523
          20          11          10           7         552.76         57.614
          20          11          10           8          497.5         42.833
          20          11          10           9         430.14         51.817
          20          11          10          10         542.33         39.001
          20          11          10          11         384.64         54.497
          20          11          10          12         511.15         60.867
          20          11          10          13         510.82         70.666
          20          11          10          14         475.96         86.916
          20          11          16           0          363.5         39.107
          20          11          16           1         398.83          41.29
          20          11          16           2          441.5         34.487
          20          11          16           3              0              0
          20          11          16           4          817.9         19.686
          20          11          16           5         730.84         22.843
          20          11          16           6         703.27         24.322
          20          11          16           7         756.69         34.824
          20          11          16           8         503.92         46.867
          20          11          16           9         626.62         60.969
          20          11          16          10         453.14         61.908
          20          11          16          11         599.88         36.527
          20          11          16          12         572.58         40.194
          20          11          16          13         539.91         39.925
          20          11          16          14         614.77         62.179
          20          11          17           0         556.11         40.027
          20          11          17           1          420.3          78.46
          20          11          17           2         573.17         34.774
          20          11          17           3         601.72         35.689
          20          11          17           4          586.5         48.059
          20          11          17           5         628.33         58.486
          20          11          17           6         678.83         74.231
          20          11          17           7         610.17         51.403
          20          11          17           8              0              0
          20          11          17           9         543.28         42.337
          20          11          17          10          537.5         20.913
          20          11          17          11              0              0
          20          11          17          12         596.17         46.104
          20          11          17          13         581.68         63.648
          20          11          17          14         422.55         51.846
          20          11          18           0          531.5         37.005
          20          11          18           1         384.17         30.955
          20          11          18           2          505.5         31.326
          20          11          18           3              0              0
          20          11          18           4         467.33         53.429
          20          11          18           5         485.39         56.218
          20          11          18           6         495.17         33.861
          20          11          18           7              0              0
          20          11          18           8         427.35         32.777
          20          11          18           9         497.75         70.731
          20          11          18          10         534.92         42.352
          20          11          18          11         568.83         11.175
          20          11          18          12          580.9         42.337
          20          11          18          13         480.96         67.862
          20          11          18          14          554.5         74.023
          20          11          19           0              0              0
          20          11          19           1          523.5         55.102
          20          11          19           2         489.83         29.909
          20          11          19           3         601.58         43.844
          20          11          19           4         452.83         94.782
          20          11          19           5         540.67          50.12
          20          11          19           6          480.5         29.445
          20          11          19           7         592.92         44.714
          20          11          19           8         548.83          33.18
          20          11          19           9         559.28         37.434
          20          11          19          10          479.5         48.125
          20          11          19          11         722.83         29.725
          20          11          19          12         478.07         44.947
          20          11          19          13         500.83         54.803
          20          11          19          14         559.81         70.397
          20          11          11           0              0              0
          20          11          11           1              0              0
          20          11          11           2         588.17          65.03
          20          11          11           3         566.08         46.346
          20          11          11           4              0              0
          20          11          11           5         601.88         41.865
          20          11          11           6          463.5         36.788
          20          11          11           7         466.72         41.094
          20          11          11           8         345.67         45.985
          20          11          11           9         525.76          41.03
          20          11          11          10         597.59         72.634
          20          11          11          11         428.61         57.481
          20          11          11          12         521.67         40.685
          20          11          11          13         534.95         46.505
          20          11          11          14         544.77         75.584
          20          11          12           0         523.59         44.483
          20          11          12           1         495.06         48.573
          20          11          12           2         490.79         30.908
          20          11          12           3         493.55         42.768
          20          11          12           4         450.95         31.555
          20          11          12           5         554.83         52.332
          20          11          12           6         548.88         33.027
          20          11          12           7              0              0
          20          11          12           8         458.61         35.946
          20          11          12           9              0              0
          20          11          12          10          375.9         38.941
          20          11          12          11              0              0
          20          11          12          12         573.01         64.355
          20          11          12          13         478.74         36.899
          20          11          12          14         452.07         53.173
          20          11          13           0         502.83         48.015
          20          11          13           1          555.5         6.4291
          20          11          13           2         572.39         48.695
          20          11          13           3          441.5         21.664
          20          11          13           4         544.25         67.548
          20          11          13           5         527.24          43.68
          20          11          13           6            557         53.589
          20          11          13           7         541.17         50.212
          20          11          13           8         508.32         49.029
          20          11          13           9         590.39         40.721
          20          11          13          10         522.28         34.187
          20          11          13          11         564.83          30.63
          20          11          13          12         439.94         57.312
          20          11          13          13              0              0
          20          11          13          14         546.67         76.311
          20          11          14           0         514.43         54.088
          20          11          14           1          562.5         60.501
          20          11          14           2         483.37         71.994
          20          11          14           3          484.5         37.081
          20          11          14           4          537.5         9.2376
          20          11          14           5          379.5         28.166
          20          11          14           6         576.83         18.245
          20          11          14           7         610.03         57.418
          20          11          14           8              0              0
          20          11          14           9         562.17         7.0868
          20          11          14          10              0              0
          20          11          14          11         626.83         62.713
          20          11          14          12         621.63         85.032
          20          11          14          13         510.61         48.986
          20          11          14          14         491.39         57.977
          20          11          20           0              0              0
          20          11          20           1              0              0
          20          11          20           2              0              0
          20          11          20           3              0              0
          20          11          20           4              0              0
          20          11          20           5          569.5          51.64
          20          11          20           6              0              0
          20          11          20           7           1179          25.03
          20          11          20           8         514.17           59.5
          20          11          20           9         627.83         71.045
          20          11          20          10         568.83         7.8031
          20          11          20          11          577.1         59.135
          20          11          20          12         461.17         66.836
          20          11          20          13         488.55         103.33
          20          11          20          14         495.77         81.648
          20          11          21           0         436.97         55.625
          20          11          21           1         513.23         86.767
          20          11          21           2         565.43         55.093
          20          11          21           3         426.83         7.5425
          20          11          21           4              0              0
          20          11          21           5         488.06         71.592
          20          11          21           6         445.02         38.785
          20          11          21           7         519.72         34.915
          20          11          21           8            535         26.428
          20          11          21           9         505.28         23.189
          20          11          21          10         489.12         38.474
          20          11          21          11         535.17         36.859
          20          11          21          12         445.61         72.126
          20          11          21          13         582.13         49.169
          20          11          21          14         521.63         63.376
          20          11          22           0         460.17         34.538
          20          11          22           1         430.83          11.47
          20          11          22           2              0              0
          20          11          22           3              0              0
          20          11          22           4         575.69         65.233
          20          11          22           5         506.83         31.041
          20          11          22           6              0              0
          20          11          22           7              0              0
          20          11          22           8         578.83         54.362
          20          11          22           9         368.83         14.314
          20          11          22          10              0              0
          20          11          22          11              0              0
          20          11          22          12         611.39         111.81
          20          11          22          13         468.83          41.36
          20          11          22          14         764.83         117.12
          20          11          23           0         476.31         57.784
          20          11          23           1         505.06         64.434
          20          11          23           2         517.06         64.826
          20          11          23           3         513.28         56.764
          20          11          23           4         549.03         34.826
          20          11          23           5         473.23         34.916
          20          11          23           6         552.26         38.599
          20          11          23           7         589.28         62.025
          20          11          23           8              0              0
          20          11          23           9         393.17         46.575
          20          11          23          10         566.39         37.536
          20          11          23          11         567.06         100.29
          20          11          23          12         517.92         98.047
          20          11          23          13              0              0
          20          11          23          14          586.5         50.256
          20          11           0           0         656.67         85.829
          20          11           0           1         690.48         43.161
          20          11           0           2         563.14         44.386
          20          11           0           3         652.59          38.51
          20          11           0           4          729.1         49.734
          20          11           0           5         518.97         42.363
          20          11           0           6         780.65         33.859
          20          11           0           7         782.23         43.165
          20          11           0           8         626.79         50.634
          20          11           0           9          625.1         39.985
          20          11           0          10         661.56         37.636
          20          11           0          11         788.67         27.614
          20          11           4          10          565.9          57.46
          20          11           4          11         504.36         43.524
          20          11           4          12          523.5          39.85
          20          11           4          13         535.94         49.617
          20          11           4          14            475         47.872
          20          11           5           0          533.1         30.046
          20          11           5           1         622.61         28.068
          20          11           5           2         586.67          42.91
          20          11           5           3          456.5         47.276
          20          11           5           4         615.74         37.974
          20          11           1           0         706.17         15.391
          20          11           1           1         728.47         58.591
          20          11           1           2          609.6         56.268
          20          11           1           3          561.5         50.949
          20          11           1           4          681.4         47.413
          20          11           1           5         703.26         38.688
          20          11           1           6         745.97         46.859
          20          11           1           7         699.99          55.76
          20          11           1           8         660.46         47.716
          20          11           1           9          663.5         72.853
          20          11           1          10         624.78         44.022
          20          11           1          11              0              0
          20          11           4           5          545.6         48.556
          20          11           4           6         527.28         47.837
          20          11           4           7          365.5         33.941
          20          11           4           8          541.5              8
          20          11           4           9         474.83         62.851
          20          11           5           5         525.17         27.201
          20          11           5           6            441         57.565
          20          11           5           7         532.74         48.065
          20          11           5           8         354.17         29.067
          20          11           5           9         675.88         37.747
          20          11           2           0         652.83         55.414
          20          11           2           1         581.77         43.014
          20          11           2           2          387.5         23.065
          20          11           2           3         509.44         65.975
          20          11           2           4         566.91         40.443
          20          11           2           5          622.7         118.08
          20          11           2           6         640.75         46.106
          20          11           2           7         492.57          39.54
          20          11           2           8         678.05         41.682
          20          11           2           9         760.73         40.857
          20          11           2          10         461.94         56.865
          20          11           2          11         674.43         54.256
          20          11           4           0         486.72         56.941
          20          11           4           1         564.36         50.976
          20          11           4           2         566.69         40.246
          20          11           4           3         596.72         46.991
          20          11           4           4         537.98         34.389
          20          11           5          10         527.17          47.04
          20          11           5          11         372.83         36.932
          20          11           5          12          697.5         412.09
          20          11           5          13         539.26         48.831
          20          11           5          14         568.37         50.381
          20          11           3           0              0              0
          20          11           3           1         468.35         38.194
          20          11           3           2         430.03         59.237
          20          11           3           3         428.22         46.998
          20          11           3           4         426.11         55.636
          20          11           3           5         522.92         39.162
          20          11           3           6         624.17         49.053
          20          11           3           7         562.95         45.479
          20          11           3           8         633.39         39.771
          20          11           3           9         574.02         63.049
          20          11           3          10         693.92         27.655
          20          11           3          11          649.5         38.053
          20          11           6           0         720.57         102.24
          20          11           6           1         773.97         40.596
          20          11           6           2          571.5         17.088
          20          11           6           3         771.87         36.922
          20          11           6           4         708.57         47.763
          20          11           6           8         530.59          48.27
          20          11           6           9         446.61         56.282
          20          11           6          10         512.17         33.519
          20          11           6          11          495.9         48.647
          20          11           6          12         524.17         16.078
