725
416
404
441
508
366
497
443
329
459
443
469
417
468
470
487
559
444
510
495
463
440
499
459
482
462
451
424
553
473
493
539
549
422
447
502
203
407
500
432
426
482
426
486
407
492
512
519
547
406
523
454
200
393
465
449
423
483
483
470
514
549
503
532
548
460
453
472
412
460
405
301
425
475
476
518
479
518
496
504
558
486
432
449
427
484
436
319
433
503
458
509
484
489
506
491
553
474
436
343
464
447
428
395
434
526
441
538
473
453
504
502
466
504
412
274
445
465
422
473
460
492
453
532
471
481
530
538
